24
3
400 400 400 
40 40 40 
3
400 400 400 
40 40 40 
3
400 400 400 
40 40 40 
3
400 400 400 
40 40 40 
3
400 400 400 
40 40 40 
3
400 400 400 
40 40 40 
3
400 400 400 
40 40 40 
3
400 200 25 
40 40 40 
3
400 400 400 
40 40 40 
3
400 200 25 
40 40 40 
3
600 400 200 
100 40 40 
3
400 400 400 
40 40 40 
3
400 400 400 
40 40 40 
3
400 400 400 
40 40 40 
3
400 400 400 
40 40 40 
3
400 400 400 
40 40 40 
3
400 400 400 
40 40 40 
3
400 400 400 
40 40 40 
3
400 400 400 
40 40 40 
3
400 400 400 
40 40 40 
3
600 400 200 
100 40 40 
3
400 400 400 
40 40 40 
3
5000 5000 4000
400 400 40
3
5000 5000 4000
400 400 40
